# Kotlin to Scala.js in Firefox

DeltaBlue: 859.1174785100173 us +- 3.208048302900331 us

LongNop: 11.388039736487235 us +- 0.021596213634749502 us
LongXor: 173.7585606500511 us +- 0.5660788557882758 us
LongAdd: 209.71352525041732 us +- 0.7771345433016231 us
LongMul: 215.46618705035624 us +- 0.6347210889737238 us
LongDiv32_32: 477.82352002551323 us +- 1.080562514913924 us
LongDiv32_8: 475.3484680107758 us +- 1.0069457891611884 us
LongDiv53_53: 607.4407294833122 us +- 1.2735555169517816 us
LongDiv53_8: 625.6439156752562 us +- 1.5997471099430147 us
LongDiv64_Pow2: 587.2766457680466 us +- 1.014341635748041 us
LongDiv64_64: 1039.7087378640751 us +- 1.7333848762185937 us
LongDiv64_8: 1435.9214935375585 us +- 2.37006176262877 us
LongToString32: 563.4511278195416 us +- 1.3563358593409263 us
LongToString53: 768.293182983099 us +- 5.215768388318503 us
LongToString64: 4010.8556149731794 us +- 33.080561591286546 us

Richards: 487.2443505120952 us +- 1.0979665342677272 us

SHA512: 402408 us +- 8219.831141817958 us

# Kotlin to Scala.js in Chrome

DeltaBlue: 370.94092039801234 us +- 1.5206486604817313 us

LongNop: 43.688187723728646 us +- 0.038767453934434655 us
LongXor: 176.3249733822217 us +- 1.0440532843834638 us
LongAdd: 274.31456435734856 us +- 2.3257053965660406 us
LongMul: 272.3269722425192 us +- 2.2188993470218144 us
LongDiv32_32: 506.6835957338969 us +- 3.339248950770544 us
LongDiv32_8: 489.32397126060636 us +- 3.152530040415695 us
LongDiv53_53: 556.9442891745804 us +- 3.33351807045793 us
LongDiv53_8: 542.7612751312965 us +- 3.4940368642695816 us
LongDiv64_Pow2: 533.8970064148035 us +- 3.7904702718857983 us
LongDiv64_64: 893.5499254843575 us +- 5.544248255532559 us
LongDiv64_8: 1410.2539981185146 us +- 6.298742318787534 us
LongToString32: 548.5087879897236 us +- 4.379173230471519 us
LongToString53: 729.5617238860623 us +- 6.509725313045907 us
LongToString64: 1723.9310344826945 us +- 8.845136467917415 us

Richards: 255.69825222756612 us +- 0.5204844362330456 us

SHA512: 279157.5 us +- 11230.01427139407 us