# Kotlin JS in Firefox

DeltaBlue: 459.2891067871516 us +- 2.2187100281196006 us

LongNop: 125.47639988275051 us +- 0.7018893317235058 us
LongXor: 146.58937481657284 us +- 0.7700388927107265 us
LongAdd: 290.8129608071335 us +- 1.345341909669314 us
LongMul: 2687.4337899543502 us +- 4.752002447320011 us
LongDiv32_32: 6199.170124481344 us +- 28.94078406918021 us
LongDiv32_8: 9089.454545454522 us +- 14.922878040558855 us
LongDiv53_53: 6110.549898166986 us +- 26.34428140361577 us
LongDiv53_8: 9281.486068111417 us +- 72.35738447381995 us
LongDiv64_Pow2: 9555.031847133798 us +- 18.069754907680213 us
LongDiv64_64: 5938.809523809526 us +- 13.790458295985813 us
LongDiv64_8: 17158.735632183925 us +- 21.180465373805404 us
LongToString32: 17645.411764705757 us +- 151.22958405286587 us
LongToString53: 28615.428571428318 us +- 250.54157561046532 us
LongToString64: 40285.33333333347 us +- 351.84462855451085 us

Richards: 184.11963397410605 us +- 0.30823338649665966 us

SHA512 950152.0000000003 us +- 4554.93841890323 us

# Kotlin JS in Chrome

DeltaBlue: 606.0552407932075 us +- 1.7807072556715697 us

LongNop: 95.09802671427585 us +- 0.47985091035360905 us
LongXor: 249.39257028112547 us +- 1.6052027616671312 us
LongAdd: 222.57047782845763 us +- 1.5886693455520464 us
LongMul: 1156.2138170590633 us +- 7.456463247703733 us
LongDiv32_32: 2903.7028073572797 us +- 16.70720515166371 us
LongDiv32_8: 4239.865819209109 us +- 29.603270415293046 us
LongDiv53_53: 2799.2623716153334 us +- 19.209495075609276 us
LongDiv53_8: 4576.12804878057 us +- 41.386677147915165 us
LongDiv64_Pow2: 5261.043859649197 us +- 42.55326713907934 us
LongDiv64_64: 2899.7050290134944 us +- 18.10513909688851 us
LongDiv64_8: 8726.177325581315 us +- 73.32333540011044 us
LongToString32: 8224.438356164435 us +- 47.1344814294843 us
LongToString53: 13198.33333333334 us +- 93.32371179966994 us
LongToString64: 18083.85542168626 us +- 128.042666784737 us

Richards: 245.06567605286898 us +- 0.49429904685956616 us

SHA512: 696866.0000000002 us +- 4694.3211436799265 us
