# Kotlin JS
LongNop: 83.80366783786815 us +- 0.38944565349880783 us
LongXor: 222.15585509688148 us +- 1.38969029722391 us
LongAdd: 255.56285794761155 us +- 1.9307479623304733 us
LongMul: 1266.6957446808624 us +- 8.295630778075001 us
LongDiv32_32: 3065.881147540953 us +- 17.077023426278082 us
LongDiv32_8: 4482.765321375079 us +- 23.8665708561785 us
LongDiv53_53: 2837.7962085307927 us +- 16.1734472027877 us
LongDiv53_8: 4385.197657393886 us +- 25.637086568446396 us
LongDiv64_Pow2: 4907.487725041152 us +- 25.258122190681974 us
LongDiv64_64: 2861.1424474189607 us +- 16.313527539445488 us
LongDiv64_8: 9295.72755417922 us +- 83.7818675086692 us
LongToString32: 9813.186274509566 us +- 100.79054913346916 us
LongToString53: 15558.601036268927 us +- 171.01321453485951 us
LongToString64: 21027.377622377793 us +- 181.88774656221395 us

# Kotlin to ScalaJS

LongNop: 42.89702233251991 us +- 0.05092766428595023 us
LongXor: 149.0517295696585 us +- 0.7349865262689989 us
LongAdd: 185.89405704046493 us +- 0.9701584025183332 us
LongMul: 185.19629629629534 us +- 0.9021182703275901 us
LongDiv32_32: 506.40644361833523 us +- 2.1741615082643144 us
LongDiv32_8: 476.85726141078095 us +- 2.061329723272441 us
LongDiv53_53: 551.0346139217056 us +- 2.3738837880214243 us
LongDiv53_8: 541.7989517034509 us +- 2.5556478779271834 us
LongDiv64_Pow2: 566.3183593750359 us +- 2.346360759182354 us
LongDiv64_64: 857.0113603262374 us +- 3.24549158714655 us
LongDiv64_8: 1387.1085740913202 us +- 4.671550193869534 us
LongToString32: 490.55233549268115 us +- 2.251565191968297 us
LongToString53: 634.5388986013689 us +- 3.4739606844564213 us
LongToString64: 1761.6666666665403 us +- 6.96397602552205 us
